/ 2-D RADIALLY AVERAGED POWER SPECTRUM
/
/ Average Spectrum Density  Ln(E) =   1.85096e+01
/
/   CYC/K_unit       Norm_Contr_Samp  Ln_P             3_DEPTH          5_DEPTH
/ -------------------------------------------------------------------------------
/
    0.00000e+00      1.00000e+00      9.03392e+00      1.12564e+01                *
    3.57143e-03      6.34315e+00      8.52873e+00      1.92338e+01                *
    7.14286e-03      1.24546e+01      7.30750e+00      2.83956e+01      2.31584e+01
    1.07143e-02      1.90596e+01      5.97995e+00      2.18460e+01      2.17981e+01
    1.42857e-02      2.44101e+01      5.34661e+00      1.51526e+01      1.82034e+01
    1.78571e-02      3.25840e+01      4.61985e+00      1.76116e+01      1.68354e+01
    2.14286e-02      3.69993e+01      3.76579e+00      1.77420e+01      1.68233e+01
    2.50000e-02      4.39585e+01      3.02733e+00      1.51161e+01      1.56703e+01
    2.85714e-02      5.05589e+01      2.40897e+00      1.41528e+01      1.44652e+01
    3.21429e-02      5.59206e+01      1.75698e+00      1.41266e+01      1.34528e+01
    3.57143e-02      6.41033e+01      1.14098e+00      1.20791e+01      1.28546e+01
    3.92857e-02      6.77438e+01      6.72759e-01      1.23581e+01      1.24885e+01
    4.28571e-02      7.58087e+01      3.17175e-02      1.30283e+01      1.22530e+01
    4.64286e-02      8.23335e+01     -4.96658e-01      1.13727e+01      1.26208e+01
    5.00000e-02      8.71092e+01     -9.89097e-01      1.34615e+01      1.26710e+01
    5.35714e-02      9.53559e+01     -1.70496e+00      1.31787e+01      1.23923e+01
    5.71429e-02      9.86037e+01     -2.17201e+00      1.05367e+01      1.16056e+01
    6.07143e-02      1.08592e+02     -2.65073e+00      1.11014e+01      1.01566e+01
    6.42857e-02      1.12719e+02     -3.16847e+00      8.83180e+00      7.92744e+00
    6.78571e-02      1.18910e+02     -3.44347e+00      3.84908e+00      6.38774e+00
    7.14286e-02      1.26340e+02     -3.51397e+00      6.48233e+00      6.26651e+00
    7.50000e-02      1.30684e+02     -4.02532e+00      8.46813e+00      6.88681e+00
    7.85714e-02      1.40039e+02     -4.27406e+00      5.70996e+00      5.34972e+00
    8.21429e-02      1.43261e+02     -4.53784e+00      1.87108e+00      2.58478e+00
    8.57143e-02      1.50605e+02     -4.44201e+00      1.73315e-01      2.38710e+00
    8.92857e-02      1.57852e+02     -4.55340e+00      5.11692e+00      4.31763e+00
    9.28571e-02      1.62830e+02     -4.90130e+00      7.66266e+00      5.23494e+00
    9.64286e-02      1.70911e+02     -5.24120e+00      2.92523e+00      4.66436e+00
    1.00000e-01      1.74013e+02     -5.16387e+00      3.40519e+00      4.47104e+00
    1.03571e-01      1.83041e+02     -5.54685e+00      7.08270e+00      4.97835e+00
    1.07143e-01      1.88930e+02     -5.79961e+00      4.44715e+00      6.08910e+00
    1.10714e-01      1.94133e+02     -5.94602e+00      6.73746e+00      6.23649e+00
    1.14286e-01      2.02008e+02     -6.40437e+00      7.52487e+00      6.18293e+00
    1.17857e-01      2.05359e+02     -6.62145e+00      4.28646e+00      5.58274e+00
    1.21429e-01      2.15885e+02     -6.78912e+00      4.93689e+00      4.61589e+00
    1.25000e-01      2.19201e+02     -7.06459e+00      4.62434e+00      4.25165e+00
    1.28571e-01      2.25716e+02     -7.20420e+00      3.19372e+00      4.10105e+00
    1.32143e-01      2.32784e+02     -7.35126e+00      4.48510e+00      4.02200e+00
    1.35714e-01      2.37884e+02     -7.60678e+00      4.38719e+00      4.49016e+00
    1.39286e-01      2.47047e+02     -7.74505e+00      4.59820e+00      5.86826e+00
    1.42857e-01      2.49610e+02     -8.01951e+00      8.61937e+00      6.18047e+00
    1.46429e-01      2.58260e+02     -8.51872e+00      5.32384e+00      5.69718e+00
    1.50000e-01      2.63524e+02     -8.49738e+00      3.14833e+00      6.18717e+00
    1.53571e-01      2.70344e+02     -8.80132e+00      1.00893e+01      3.98788e+00
    1.57143e-01      2.77648e+02     -9.40300e+00      0.00000e+00      1.40157e+00
    1.60714e-01      2.80528e+02     -8.68696e+00      0.00000e+00      0.00000e+00
    1.64286e-01      2.90488e+02     -8.98915e+00      3.36177e+00      0.00000e+00
    1.67857e-01      2.95011e+02     -8.98871e+00      0.00000e+00      1.91711e+00
    1.71429e-01      3.01684e+02     -8.92270e+00      3.12987e+00      2.15325e+00
    1.75000e-01      3.07806e+02     -9.26965e+00      4.07018e+00      2.81774e+00
    1.78571e-01      3.12576e+02     -9.28804e+00      1.25316e+00      3.78904e+00
    1.82143e-01      3.23493e+02     -9.38213e+00      6.04378e+00      3.22571e+00
    1.85714e-01      3.24914e+02     -9.83053e+00      2.38019e+00      2.72349e+00
    1.89286e-01      3.34039e+02     -9.59577e+00      0.00000e+00      2.95480e+00
    1.92857e-01      3.37902e+02     -9.80777e+00      6.73771e+00      5.03215e+00
    1.96429e-01      3.45370e+02     -1.02006e+01      8.61223e+00      6.65797e+00
    2.00000e-01      3.54090e+02     -1.05808e+01      4.62396e+00      5.20784e+00
    2.03571e-01      3.55618e+02     -1.06156e+01      2.38732e+00      1.47135e+00
    2.07143e-01      3.66537e+02     -1.07951e+01      0.00000e+00      0.00000e+00
    2.10714e-01      3.69108e+02     -1.03825e+01      0.00000e+00      0.00000e+00
    2.14286e-01      3.77602e+02     -1.04780e+01      5.92023e+00      2.11287e+00
    2.17857e-01      3.84373e+02     -1.09139e+01      3.95064e+00      3.96495e+00
    2.21429e-01      3.86706e+02     -1.08326e+01      2.02399e+00      1.38099e+00
    2.25000e-01      3.98621e+02     -1.10955e+01      0.00000e+00      0.00000e+00
    2.28571e-01      4.00612e+02     -1.06682e+01      0.00000e+00      0.00000e+00
    2.32143e-01      4.09779e+02     -1.05125e+01      0.00000e+00      0.00000e+00
    2.35714e-01      4.14297e+02     -9.93033e+00      0.00000e+00      0.00000e+00
    2.39286e-01      4.17979e+02     -9.84235e+00      3.16248e-01      7.08253e-01
    2.42857e-01      4.31900e+02     -9.95871e+00      9.27496e+00      7.72300e+00
    2.46429e-01      4.30482e+02     -1.06749e+01      1.35778e+01      1.02889e+01
    2.50000e-01      4.41763e+02     -1.11775e+01      8.01393e+00      7.31004e+00
    2.53571e-01      4.44570e+02     -1.13942e+01      3.38388e-01      4.71287e+00
    2.57143e-01      4.51706e+02     -1.12078e+01      5.78630e+00      5.12715e+00
    2.60714e-01      4.61693e+02     -1.19136e+01      9.25677e+00      2.50602e+00
    2.64286e-01      4.61645e+02     -1.20387e+01      0.00000e+00      7.68349e-01
    2.67857e-01      4.73686e+02     -1.12381e+01      5.73282e-01      0.00000e+00
    2.71429e-01      4.76434e+02     -1.20902e+01      9.38940e-01      0.00000e+00
    2.75000e-01      4.83984e+02     -1.13224e+01      0.00000e+00      1.07972e+00
    2.78571e-01      4.91448e+02     -1.17002e+01      6.64487e+00      2.05467e+00
    2.82143e-01      4.92752e+02     -1.19188e+01      3.86380e+00      3.11148e+00
    2.85714e-01      5.05263e+02     -1.20470e+01      0.00000e+00      2.05303e+00
    2.89286e-01      5.08314e+02     -1.18135e+01      3.46952e+00      3.35565e+00
    2.92857e-01      5.16324e+02     -1.23584e+01      7.77165e+00      1.01159e+00
    2.96429e-01      5.21371e+02     -1.25110e+01      0.00000e+00      0.00000e+00
    3.00000e-01      5.25039e+02     -1.16218e+01      0.00000e+00      0.00000e+00
    3.03571e-01      5.37508e+02     -1.19985e+01      2.04825e+00      1.05157e+00
    3.07143e-01      5.38044e+02     -1.18057e+01      6.81671e+00      6.56170e+00
    3.10714e-01      5.48671e+02     -1.26103e+01      1.08201e+01      7.49863e+00
    3.14286e-01      5.50942e+02     -1.27769e+01      4.85905e+00      3.08466e+00
    3.17857e-01      5.59882e+02     -1.30465e+01      0.00000e+00      0.00000e+00
    3.21429e-01      5.66953e+02     -1.22002e+01      0.00000e+00      0.00000e+00
    3.25000e-01      5.69163e+02     -1.27399e+01      6.26234e+00      0.00000e+00
    3.28571e-01      5.79845e+02     -1.27623e+01      0.00000e+00      0.00000e+00
    3.32143e-01      5.82993e+02     -1.20271e+01      0.00000e+00      5.98509e-01
    3.35714e-01      5.92656e+02     -1.26981e+01      1.04511e+01      2.64141e+00
    3.39286e-01      5.96495e+02     -1.29652e+01      0.00000e+00      3.93984e+00
    3.42857e-01      6.00659e+02     -1.25355e+01      3.18052e+00      2.83850e+00
    3.46429e-01      6.11747e+02     -1.32507e+01      7.14705e+00      2.62876e+00
    3.50000e-01      6.13863e+02     -1.31770e+01      0.00000e+00      2.81090e+00
    3.53571e-01      6.25192e+02     -1.30316e+01      3.72695e+00      1.90429e+00
    3.57143e-01      6.26501e+02     -1.35115e+01      4.42721e+00      3.30994e+00
    3.60714e-01      6.33415e+02     -1.34290e+01      1.77566e+00      2.92091e+00
    3.64286e-01      6.44018e+02     -1.36709e+01      2.55985e+00      1.37660e+00
    3.67857e-01      6.43458e+02     -1.36587e+01      0.00000e+00      1.01665e+00
    3.71429e-01      6.56561e+02     -1.36524e+01      6.95802e-01      5.71372e-01
    3.75000e-01      6.56780e+02     -1.37212e+01      1.22402e+00      0.00000e+00
    3.78571e-01      6.68200e+02     -1.37623e+01      0.00000e+00      0.00000e+00
    3.82143e-01      6.73638e+02     -1.35388e+01      0.00000e+00      0.00000e+00
    3.85714e-01      6.74904e+02     -1.36862e+01      1.18234e+00      5.74377e-01
    3.89286e-01      6.87606e+02     -1.36449e+01      1.38903e+00      1.85648e+00
    3.92857e-01      6.88104e+02     -1.38108e+01      2.99806e+00      0.00000e+00
    3.96429e-01      7.00958e+02     -1.39140e+01      0.00000e+00      0.00000e+00
    4.00000e-01      7.03368e+02     -1.30860e+01      0.00000e+00      0.00000e+00
    4.03571e-01      7.06965e+02     -1.33454e+01      7.54768e-01      0.00000e+00
    4.07143e-01      7.19597e+02     -1.31538e+01      0.00000e+00      0.00000e+00
    4.10714e-01      7.19946e+02     -1.32506e+01      0.00000e+00      0.00000e+00
    4.14286e-01      7.31773e+02     -1.30028e+01      0.00000e+00      2.82930e-01
    4.17857e-01      7.32952e+02     -1.32075e+01      3.01112e+00      1.05425e+00
    4.21429e-01      7.40571e+02     -1.32731e+01      6.32226e-01      2.25865e-01
    4.25000e-01      7.51268e+02     -1.32642e+01      0.00000e+00      0.00000e+00
    4.28571e-01      7.50430e+02     -1.30069e+01      0.00000e+00      0.00000e+00
    4.32143e-01      7.62692e+02     -1.29591e+01      1.62829e+00      0.00000e+00
    4.35714e-01      7.63288e+02     -1.31530e+01      0.00000e+00      0.00000e+00
    4.39286e-01      7.75654e+02     -1.28152e+01      0.00000e+00      5.44316e-01
    4.42857e-01      7.80085e+02     -1.30285e+01      4.62388e+00      1.04898e+00
    4.46429e-01      7.82920e+02     -1.32302e+01      0.00000e+00      1.31630e+00
    4.50000e-01      7.93237e+02     -1.30205e+01      0.00000e+00      1.13789e+00
    4.53571e-01      7.95557e+02     -1.31776e+01      4.08865e+00      1.52868e+00
    4.57143e-01      8.07295e+02     -1.33875e+01      1.08325e+00      1.62068e+00
    4.60714e-01      8.09281e+02     -1.32749e+01      0.00000e+00      7.76309e-01
    4.64286e-01      8.15563e+02     -1.33597e+01      1.55553e+00      3.88269e-02
    4.67857e-01      8.24987e+02     -1.34145e+01      0.00000e+00      0.00000e+00
    4.71429e-01      8.27956e+02     -1.32583e+01      0.00000e+00      0.00000e+00
    4.75000e-01      8.38529e+02     -1.32743e+01      1.54952e-01      0.00000e+00
    4.78571e-01      8.38600e+02     -1.32722e+01      0.00000e+00      0.00000e+00
    4.82143e-01      8.48206e+02     -1.32433e+01      0.00000e+00      0.00000e+00
    4.85714e-01      8.57386e+02     -1.32044e+01      0.00000e+00      0.00000e+00
    4.89286e-01      8.58276e+02     -1.31988e+01      0.00000e+00      0.00000e+00
    4.92857e-01      8.69568e+02     -1.32014e+01      7.51683e-02      7.93705e-01
    4.96429e-01      8.69092e+02     -1.32055e+01      2.33979e+00                *
    5.00000e-01      8.61300e+02     -1.34114e+01      4.58821e+00                *
